1142.351071 -1170.874298 -1081.870574 38.484222 457.677297 129.486738 -128.816636 -126.554347 0.982596 51.901512 -1783.475579 1828.375739 1688.772312 -60.358627 -714.631648 -798.366714 817.388373 757.182140 -26.022156 -320.036941 -129.297286 128.059395 126.999145 -0.458589 -51.890770 44.194680 -44.375976 -42.864886 0.635982 17.792169 16.893484 -16.001898 -17.310486 -0.566955 6.765759 -69.379496 69.683040 67.278633 -1.011203 -27.936011 -35.005683 34.887525 34.207891 -0.279477 -14.084936 -18.508330 17.480467 19.017451 0.666166 -7.414308 -1760.309816 1806.070545 1665.258674 -60.900327 -705.216629 -203.080887 202.255848 198.276772 -1.727632 -81.421785 2748.262845 -2820.308812 -2599.408085 95.530828 1101.158895 1231.535650 -1262.084515 -1166.784789 41.198777 493.667587 202.829452 -201.092004 -199.039947 0.887199 81.422204 -704.809290 726.571674 663.061997 -27.482197 -282.105921 -88.772396 89.134914 85.939839 -1.386009 -35.582312 1098.918936 -1133.261877 -1033.488844 43.171481 439.926466 493.574355 -508.272630 -465.037939 18.701525 197.719736 88.515085 -88.455503 -86.163249 0.992147 35.533509 -47.098595 47.721920 45.222262 -1.068652 -18.935032 -17.178507 16.437960 17.452044 0.439949 -6.896252 73.477678 -74.502191 -70.506685 1.707214 29.547765 36.340050 -36.570487 -35.143176 0.606241 14.608513 18.854060 -17.980003 -19.217370 -0.537197 7.571165 
-1170.874298 1210.600137 1097.738628 -48.776321 -468.397298 -128.608429 129.108529 124.543348 -1.970612 -51.555970 1827.999143 -1890.386054 -1713.537740 76.428758 731.361765 816.571364 -843.413868 -766.630957 33.176110 326.869455 127.677104 -127.633952 -124.257792 1.453667 51.264361 -44.741842 45.435766 42.883054 -1.086757 -18.009958 -15.864633 15.132276 16.171487 0.453079 -6.372899 70.221586 -71.325251 -67.295253 1.714730 28.271034 35.034974 -35.314516 -33.844894 0.620313 14.102423 17.342984 -16.502400 -17.721076 -0.531291 6.970159 1806.041954 -1869.090591 -1691.376612 76.821440 722.408767 201.953656 -202.952038 -195.373639 3.272888 80.976044 -2819.675290 2918.706320 2640.196643 -120.390510 -1128.000019 -1260.784208 1303.412314 1182.453945 -52.273872 -504.648704 -200.516572 200.640334 194.970738 -2.442493 -80.527321 726.459992 -755.273914 -676.550641 34.043639 290.238718 89.048864 -90.214509 -85.395718 2.084118 35.678836 -1132.788471 1178.125978 1054.623485 -53.408420 -452.646787 -507.537858 527.168142 473.346651 -23.271004 -202.957985 -88.211342 88.965764 85.055769 -1.688863 -35.409895 48.061306 -49.228610 -45.600579 1.556968 19.306181 16.331954 -15.741816 -16.495790 -0.329314 6.573379 -74.994223 76.864768 71.112897 -2.467502 -30.131899 -36.685314 37.332248 35.059241 -0.971432 -14.742961 -17.859960 17.163916 18.093361 0.405986 -7.192515 
-1081.870574 1097.738628 1037.271641 -26.302647 -434.901754 -126.752120 124.944348 125.099766 0.051905 -50.866330 1689.134807 -1714.267454 -1619.233964 41.330110 679.107055 757.968727 -768.214239 -727.717983 17.602084 304.824208 127.374143 -125.005689 -126.307229 -0.555307 51.161150 -42.515451 42.176885 41.786374 -0.153379 -17.148722 -17.436736 16.431830 17.939930 0.652626 -6.971109 66.760936 -66.252596 -65.598153 0.257519 26.932724 34.059504 -33.553045 -33.695236 -0.074248 13.721304 19.145992 -17.983828 -19.757583 -0.768117 7.655188 1665.282982 -1691.428782 -1594.916130 41.991764 669.434592 198.565957 -195.957725 -195.777766 0.101411 79.710735 -2600.012160 2641.418388 2489.709091 -65.992822 -1045.338373 -1168.032906 1184.969940 1120.285289 -28.120682 -469.755611 -199.606008 196.098063 197.753615 0.704993 -80.197704 663.164329 -676.761613 -631.830426 19.562603 266.454684 86.024766 -85.564530 -84.158311 0.621112 34.543870 -1033.940583 1055.536301 984.767533 -30.805201 -415.507625 -465.749662 474.774419 444.391320 -13.217238 -187.263154 -86.406420 85.537009 84.974883 -0.249800 -34.735722 44.892469 -44.939890 -43.704554 0.525621 18.097444 17.550809 -16.698064 -17.916627 -0.528164 7.035435 -70.025434 70.152000 68.128744 -0.860016 -28.237331 -35.024053 34.828339 34.320910 -0.211139 -14.108688 -19.331447 18.324584 19.802631 0.641295 -7.750130 
38.484222 -48.776321 -26.302647 9.733748 14.577377 0.808189 -1.798283 0.224119 0.874890 0.302673 -60.038053 76.112217 41.013632 -15.204201 -22.739491 -25.325356 32.488070 16.914173 -6.749294 -9.589019 -0.128648 1.127773 -0.881113 -0.871074 -0.044409 0.947076 -1.393949 -0.460434 0.406885 0.367548 -0.680429 0.565252 0.764676 0.085711 -0.260374 -1.471419 2.169104 0.711739 -0.635246 -0.570859 -0.409783 0.748850 0.054315 -0.302226 -0.160400 0.781358 -0.645108 -0.881854 -0.102000 0.298578 -60.877861 76.799299 41.969593 -15.085208 -23.060586 -1.473446 3.021761 -0.149577 -1.372602 -0.554454 94.994639 -119.861171 -65.463514 23.564213 35.980747 40.091527 -51.180638 -27.027589 10.467545 15.180873 0.389605 -1.951018 1.196355 1.365353 0.142326 -27.389525 33.952290 19.471244 -6.266364 -10.360971 -1.312537 2.011574 0.548573 -0.633277 -0.496038 42.769634 -53.011936 -30.408702 9.783182 16.177323 18.071686 -22.649319 -12.595553 4.354553 6.833009 0.779279 -1.478646 -0.039601 0.624502 0.293154 -1.360448 1.845124 0.813654 -0.448900 -0.521464 0.528185 -0.416513 -0.615288 -0.085906 0.201437 2.132378 -2.887334 -1.279690 0.699789 0.817025 0.709769 -1.073618 -0.313311 0.330587 0.272208 -0.638813 0.506372 0.741630 0.101884 -0.243549 
457.677297 -468.397298 -434.901754 14.577377 184.103241 51.892490 -51.631175 -50.777513 0.373144 20.866017 -714.618221 731.500365 678.947625 -22.868762 -287.495627 -320.006991 327.169383 304.477406 -9.870044 -128.789621 -51.884157 51.412233 51.003161 -0.177670 -20.888171 17.809618 -17.879750 -17.306761 0.242183 7.200347 6.754784 -6.417562 -6.909213 -0.214481 2.711891 -27.958665 28.076474 27.163612 -0.385485 -11.305267 -14.084921 14.043191 13.780882 -0.108068 -5.690048 -7.405181 7.016679 7.594250 0.252045 -2.974279 -705.212108 722.415770 669.420389 -23.069592 -283.664357 -81.411052 81.087503 79.583322 -0.657137 -32.744046 1101.129912 -1128.226707 -1045.066324 36.196831 442.977500 493.615522 -505.121569 -469.200981 15.627311 198.659137 81.413899 -80.751525 -79.960879 0.343298 32.784701 -282.095809 290.273404 266.403802 -10.398020 -113.386751 -35.582224 35.713456 34.509529 -0.525673 -14.310144 439.904052 -452.814910 -415.303978 16.338804 176.847269 197.696354 -203.230821 -186.953442 7.086665 79.524222 35.533046 -35.508016 -34.637086 0.379098 14.311277 -18.945185 19.179372 18.240435 -0.403816 -7.650196 -6.889163 6.609214 6.988520 0.165776 -2.772169 29.559579 -29.945218 -28.442993 0.645636 11.939344 14.604687 -14.692964 -14.152861 0.230537 5.895884 7.565103 -7.235008 -7.698071 -0.202508 3.045595 
129.486738 -128.608429 -126.752120 0.808189 51.892490 155.507127 -156.186566 -150.483389 2.472885 62.315399 -193.333356 192.295224 188.982378 -1.442962 -77.486336 -68.610941 68.615434 66.697084 -0.835391 -27.503229 -125.208775 126.345023 120.621003 -2.475242 -50.219934 10.589080 -10.095532 -10.795273 -0.302280 4.252448 5.957986 -5.814900 -5.926713 -0.046992 2.380420 -14.754321 14.096885 15.012884 0.395043 -5.927264 -3.537285 3.428107 3.552561 0.052584 -1.423517 -5.356803 5.237965 5.325191 0.037930 -2.145972 -203.373367 202.235630 198.861675 -1.467194 -81.528900 -241.808600 242.950145 233.918199 -3.915994 -96.905003 303.862849 -302.593145 -296.701155 2.563333 121.825486 108.185247 -108.317100 -105.058326 1.417633 43.382735 194.573639 -196.426517 -187.364521 3.918323 78.048981 -89.774440 90.025892 87.026283 -1.301209 -35.985834 -103.018893 103.783203 99.371917 -1.912693 -41.276988 134.358189 -134.937840 -130.048529 2.121501 53.864776 48.302412 -48.776080 -46.494170 0.990043 19.371769 82.011223 -83.113211 -78.651717 1.929420 32.896889 -11.461645 11.079361 11.543389 0.200138 -4.613649 -7.323964 7.202623 7.236289 0.013322 -2.931307 15.987951 -15.509324 -16.050658 -0.232789 6.439491 3.905411 -3.873874 -3.839827 0.015850 1.578141 6.354574 -6.272875 -6.263178 0.003592 2.551040 
-128.816636 129.108529 124.944348 -1.798283 -51.631175 -156.186566 158.295936 149.697847 -3.717040 -62.564186 192.613111 -193.306960 -186.564094 2.915148 77.201605 68.755743 -69.353843 -66.239606 1.349452 27.553064 126.272059 -128.539286 -120.496863 3.473920 50.614178 -10.129339 9.725895 10.268656 0.235337 -4.078090 -5.820185 5.744848 5.728548 -0.007662 -2.328294 14.160719 -13.622481 -14.330049 -0.306044 5.702050 3.474091 -3.382325 -3.475125 -0.038911 1.399408 5.234277 -5.173755 -5.150509 0.009372 2.099382 202.543990 -203.230828 -196.248282 3.016343 81.203824 242.950661 -246.309243 -232.784435 5.847204 97.324297 -303.065299 304.497320 293.239481 -4.867961 -121.506008 -108.529531 109.589674 104.455301 -2.224458 -43.505866 -196.315806 199.919606 187.263475 -5.466889 -78.695659 90.125654 -91.187206 -86.548682 2.005817 36.113155 103.782923 -105.486982 -99.157077 2.737522 41.560386 -135.077530 136.860649 129.526172 -3.173299 -54.128130 -48.824410 49.719559 46.567173 -1.365129 -19.565624 -83.052896 84.886313 78.907181 -2.583753 -33.285331 11.090282 -10.797476 -11.101500 -0.131479 4.472947 7.206240 -7.160380 -7.049312 0.048577 2.886606 -15.536848 15.175031 15.505783 0.142221 -6.268517 -3.905098 3.888662 3.824528 -0.029099 -1.577980 -6.266680 6.247029 6.117381 -0.055162 -2.517315 
-126.554347 124.543348 125.099766 0.224119 -50.777513 -150.483389 149.697847 147.182934 -1.110012 -60.412325 188.682652 -185.954040 -186.256178 -0.103759 75.718965 66.566401 -65.971956 -65.354776 0.278860 26.727419 120.688037 -120.635119 -117.523056 1.357817 48.508676 -10.765716 10.206078 11.027030 0.354759 -4.317030 -5.922093 5.718753 5.953006 0.099368 -2.366735 14.957008 -14.211815 -15.289960 -0.465320 6.000613 3.511915 -3.389568 -3.540389 -0.064107 1.412738 5.328109 -5.157035 -5.350434 -0.083486 2.135053 198.566778 -195.652452 -196.071631 -0.156396 79.700031 233.917651 -232.783396 -228.708374 1.796968 93.915517 -296.252490 292.329980 292.124078 -0.129454 -118.931287 -104.858212 104.047880 102.840475 -0.539835 -42.119248 -187.465806 187.472846 182.469486 -2.181855 -75.358153 86.927417 -86.352453 -85.151404 0.532136 34.907061 99.371792 -99.157237 -96.891639 0.995979 39.896315 -129.910682 129.251970 127.067242 -0.964916 -52.180082 -46.446594 46.472434 45.181529 -0.566259 -18.669395 -78.707327 79.021653 76.306687 -1.182498 -31.647144 11.533680 -11.081112 -11.679240 -0.258395 4.637867 7.233113 -7.042593 -7.219176 -0.074505 2.896640 -16.025946 15.454173 16.175552 0.311115 -6.449324 -3.811111 3.765340 3.762786 -0.002003 -1.540788 -6.268194 6.128457 6.239389 0.048241 -2.518179 
0.982596 -1.970612 0.051905 0.874890 0.373144 2.472885 -3.717040 -1.110012 1.128088 0.939045 -1.707759 3.176811 0.157705 -1.306272 -0.648356 -0.951295 1.463975 0.393291 -0.463485 -0.361094 -2.414808 3.414225 1.298146 -0.916983 -0.916324 -0.275660 0.209035 0.328478 0.051761 -0.104221 -0.042782 -0.011831 0.095209 0.046166 -0.016209 0.344632 -0.256231 -0.415550 -0.069122 0.130126 0.015856 -0.002622 -0.027848 -0.011049 0.005643 0.040711 0.006625 -0.086233 -0.040185 0.015560 -1.726661 3.272703 0.099800 -1.373222 -0.656883 -3.916492 5.847688 1.797456 -1.752747 -1.487444 2.958676 -5.258594 -0.519806 2.051395 1.125141 1.594476 -2.399172 -0.714422 0.729712 0.606041 3.826891 -5.376569 -2.091574 1.423724 1.452359 -1.386888 2.090488 0.616756 -0.637929 -0.526377 -1.912700 2.737524 0.995986 -0.753471 -0.726205 2.240880 -3.291290 -1.082822 0.956237 0.850339 1.031115 -1.405719 -0.606816 0.346170 0.391168 1.879342 -2.534295 -1.133056 0.607335 0.712999 0.191792 -0.123226 -0.250147 -0.055280 0.071895 0.010431 0.051439 -0.071650 -0.053175 0.003892 -0.211175 0.120857 0.289767 0.073702 -0.078718 0.041317 -0.054253 -0.027145 0.012022 0.016377 -0.001139 -0.050487 0.052914 0.044868 -0.000552 
51.901512 -51.555970 -50.866330 0.302673 20.866017 62.315399 -62.564186 -60.412325 0.939045 25.056346 -77.502280 77.088914 75.855822 -0.541350 -31.161097 -27.511864 27.504934 26.788722 -0.314283 -11.063413 -50.213878 50.637655 48.475630 -0.940725 -20.209209 4.256285 -4.068233 -4.332751 -0.114968 1.713171 2.381092 -2.326813 -2.369276 -0.017919 0.954821 -5.934565 5.683487 6.030386 0.150485 -2.389292 -1.428555 1.385821 1.434123 0.020472 -0.575710 -2.145195 2.100106 2.133104 0.014434 -0.862400 -81.540204 81.090436 79.830317 -0.552066 -32.791835 -96.904987 97.324085 93.915712 -1.487253 -38.966932 121.845574 -121.335128 -119.132373 0.965423 49.005636 43.393530 -43.430782 -42.210687 0.534651 17.456104 78.039359 -78.730868 -75.307745 1.489287 31.410808 -35.985728 36.072701 34.946946 -0.491718 -14.473014 -41.276578 41.560100 39.895955 -0.726207 -16.595305 53.865050 -54.071887 -52.236125 0.802034 21.667017 19.371830 -19.546150 -18.688687 0.374563 7.795254 32.892077 -33.304920 -31.619952 0.733208 13.239541 -4.614416 4.469279 4.642559 0.075280 -1.861517 -2.931757 2.885581 2.898373 0.005066 -1.177421 6.441592 -6.259459 -6.461400 -0.087466 2.599898 1.580328 -1.567543 -1.554532 0.006101 0.639422 2.549845 -2.518642 -2.514967 0.001363 1.026995 
-1783.475579 1827.999143 1689.134807 -60.038053 -714.618221 -193.333356 192.613111 188.682652 -1.707759 -77.502280 2867.774355 -2936.449083 -2719.091501 93.971663 1149.184595 1279.392838 -1308.617459 -1214.680126 40.600390 512.894244 201.601318 -199.463201 -198.239195 0.528130 80.923100 -68.719998 69.043374 66.615148 -1.022199 -27.669806 -24.852320 23.555810 25.450070 0.820393 -9.952824 113.425107 -113.637409 -110.248225 1.422360 45.645236 55.544455 -55.347143 -54.284788 0.437353 22.345578 29.294482 -27.650316 -30.117283 -1.069284 11.734996 2748.676341 -2820.098710 -2600.408350 95.005965 1101.300043 303.403913 -302.612179 -295.798143 2.959526 121.659504 -4421.769343 4531.995065 4188.085429 -148.719327 -1771.819787 -1974.507910 2021.454394 1872.771976 -64.274679 -791.542271 -316.314837 313.273873 310.756093 -1.086376 -127.000650 1099.856755 -1133.827062 -1034.762047 42.863888 440.291342 132.794840 -133.529986 -128.371080 2.238342 53.235038 -1772.858589 1825.432333 1670.220609 -67.155908 -709.815202 -792.841349 815.468423 748.018914 -29.174686 -317.637801 -138.066569 137.796249 134.585133 -1.388911 -55.435984 72.813636 -73.850490 -69.846603 1.711280 29.279913 25.216859 -24.156437 -25.592011 -0.622630 10.123649 -119.939149 121.287505 115.391886 -2.518239 -48.209732 -57.617246 57.976951 55.723673 -0.957439 -23.160407 -29.935770 28.520041 30.539500 0.876770 -12.020234 
1828.375739 -1890.386054 -1714.267454 76.112217 731.500365 192.295224 -193.306960 -185.954040 3.176811 77.088914 -2936.449083 3033.240868 2756.156081 -119.739897 -1174.994893 -1307.582713 1349.332654 1228.900660 -52.033961 -523.476255 -198.868464 198.608193 193.753855 -2.088245 -79.868643 69.637000 -70.751883 -66.711945 1.719927 28.033660 23.340914 -22.275230 -23.779530 -0.655598 9.375267 -114.514898 116.031495 110.006610 -2.561778 -46.083793 -55.594206 56.024659 53.715232 -0.975296 -22.374497 -27.429915 26.086502 28.042126 0.852585 -11.024529 -2820.640764 2919.053622 2641.730695 -119.875659 -1128.364907 -302.148319 304.056772 291.890671 -5.258376 -121.154471 4531.920960 -4685.561741 -4249.225531 188.599870 1813.229737 2019.798995 -2086.099788 -1896.391756 81.981587 808.549431 312.375393 -312.260726 -304.071003 3.525287 125.479906 -1133.948678 1178.925284 1056.103824 -53.112187 -453.103361 -133.407145 135.335358 127.753927 -3.280438 -53.454314 1825.152525 -1895.460574 -1702.101209 83.611868 729.459777 814.509499 -845.051784 -760.653267 36.490057 325.768227 137.422558 -138.433154 -132.685070 2.481654 55.179176 -74.411216 76.285926 70.538596 -2.466162 -29.895420 -23.990349 23.146212 24.207807 0.463566 -9.655455 122.105294 -124.834899 -116.088007 3.751282 49.046421 58.176960 -59.194676 -55.604796 1.534588 23.378344 28.326388 -27.198740 -28.720094 -0.664537 11.407421 
1688.772312 -1713.537740 -1619.233964 41.013632 678.947625 188.982378 -186.564094 -186.256178 0.157705 75.855822 -2719.091501 2756.156081 2609.937834 -63.594589 -1093.179044 -1215.675993 1230.905565 1168.354799 -27.190154 -488.893045 -198.820598 194.915416 197.371141 1.052354 -79.867376 66.051045 -65.568983 -64.880016 0.273075 26.647120 25.647497 -24.186886 -26.369860 -0.944323 10.253661 -109.409325 108.312274 107.734317 -0.212162 -44.105401 -54.039161 53.229142 53.464018 0.120894 -21.767069 -30.323040 28.463034 31.310409 1.233114 -12.123590 -2599.882584 2640.676376 2490.168659 -65.471902 -1045.260287 -296.238961 292.784221 291.665588 -0.521556 -118.945181 4188.149314 -4249.361607 -4015.921689 101.551235 1683.826738 1874.359896 -1899.593815 -1799.674536 43.441003 753.820065 311.637060 -305.828369 -309.087763 -1.395801 125.222404 -1034.633697 1055.856576 985.801355 -30.495370 -415.772708 -128.491163 127.993782 125.524273 -1.088317 -51.608659 1670.478576 -1702.631327 -1593.778866 47.385252 671.326433 748.946358 -762.515165 -715.550293 20.431257 301.136091 134.956272 -133.420597 -132.903082 0.232556 54.258734 -69.304641 69.449934 67.407839 -0.868544 -27.947480 -25.746651 24.524622 26.255135 0.749849 -10.321789 114.596781 -114.495695 -111.770967 1.156558 46.180741 55.519620 -55.206001 -54.406833 0.332920 22.363555 30.723275 -29.092843 -31.500772 -1.044793 12.315655 
-60.358627 76.428758 41.330110 -15.204201 -22.868762 -1.442962 2.915148 -0.103759 -1.306272 -0.541350 93.971663 -119.739897 -63.594589 24.322697 35.601243 39.717691 -51.162354 -26.318707 10.767151 15.042170 0.016115 -1.582498 1.557949 1.362182 -0.000602 -1.525089 2.216521 0.769437 -0.630861 -0.591618 0.997892 -0.831059 -1.119591 -0.123966 0.382126 2.169195 -3.299153 -0.949270 1.023519 0.843081 0.653739 -1.188772 -0.092606 0.476909 0.255840 -1.253759 1.034851 1.415256 0.163920 -0.479035 95.469918 -120.333813 -65.929926 23.566790 36.172947 2.571424 -4.874916 -0.138341 2.050527 0.968509 -148.660512 188.541913 101.493197 -37.710382 -56.322282 -62.865039 80.589792 42.049376 -16.703778 -23.810073 -0.311306 2.759733 -2.161158 -2.135387 -0.109720 42.973146 -53.220274 -30.603426 9.788937 16.260610 2.134367 -3.177764 -0.985664 0.949121 0.806901 -66.922712 83.382018 47.155356 -15.681527 -25.320535 -28.353115 35.679147 19.620340 -6.956249 -10.723565 -1.063800 2.160586 -0.088476 -0.976344 -0.399870 2.191518 -2.940390 -1.342578 0.695591 0.840024 -0.760796 0.600108 0.886272 0.123665 -0.290356 -3.221834 4.446023 1.851050 -1.128896 -1.235503 -1.135581 1.710421 0.508726 -0.522473 -0.435597 1.040540 -0.826318 -1.206495 -0.164637 0.396681 
-714.631648 731.361765 679.107055 -22.739491 -287.495627 -77.486336 77.201605 75.718965 -0.648356 -31.161097 1149.184595 -1174.994893 -1093.179044 35.601243 462.345859 512.855628 -523.855461 -488.453261 15.398189 206.411690 80.910840 -80.096742 -79.620444 0.206202 32.580173 -27.700818 27.825051 26.905063 -0.388954 -11.200767 -9.935430 9.444975 10.156645 0.310344 -3.988541 45.686501 -45.771060 -44.484058 0.542240 18.462264 22.348395 -22.278019 -21.868531 0.168906 9.026802 11.720055 -11.098793 -12.025727 -0.404521 4.707452 1101.315080 -1128.161126 -1045.487195 35.985814 443.042083 121.640047 -121.322628 -118.747886 1.125305 48.930347 -1771.808918 1813.248717 1683.790415 -56.345851 -712.822750 -791.474363 809.149847 753.112766 -24.378452 -318.548362 -126.984829 125.827155 124.850974 -0.422760 -51.144814 440.282928 -453.045492 -415.816679 16.216095 176.995196 53.233896 -53.502737 -51.559092 0.848845 21.412205 -709.791423 729.548206 671.199858 -25.413761 -285.374307 -317.605451 326.122434 300.730700 -11.054393 -127.769178 -55.434256 55.328346 54.107180 -0.531134 -22.331008 29.299494 -29.688720 -28.185281 0.646433 11.834051 10.112451 -9.711509 -10.248239 -0.234519 4.069207 -48.233954 48.740737 46.525110 -0.951927 -19.472478 -23.157065 23.294545 22.442387 -0.363898 -9.347756 -12.010199 11.475709 12.231534 0.330547 -4.834946 
-798.366714 816.571364 757.968727 -25.325356 -320.006991 -68.610941 68.755743 66.566401 -0.951295 -27.511864 1279.392838 -1307.582713 -1215.675993 39.717691 512.855628 633.409620 -644.538154 -604.750434 17.189813 253.969025 77.281342 -76.525670 -75.935013 0.254625 31.027699 -33.703277 33.595250 32.923566 -0.277466 -13.556003 -8.274601 7.862423 8.451858 0.254809 -3.311575 53.960478 -53.762962 -52.733849 0.424786 21.700779 30.087078 -29.663358 -29.696134 -0.023164 12.079019 11.171584 -10.541455 -11.485774 -0.409029 4.472420 1232.634477 -1261.810819 -1169.169140 40.044503 494.051705 107.974274 -108.320093 -104.650066 1.594177 43.307638 -1975.956607 2021.158931 1875.851932 -62.808464 -792.050002 -980.309175 998.192036 935.288942 -27.181551 -393.056392 -121.468242 120.395747 119.247712 -0.494949 -48.779465 496.228643 -510.062641 -468.452745 17.995591 198.753246 47.611910 -48.140482 -45.766031 1.030320 19.092732 -796.398766 817.912645 752.550177 -28.268034 -319.022501 -399.534214 408.170719 379.767873 -12.279928 -160.124140 -53.342259 53.247677 51.992101 -0.542581 -21.422753 34.828618 -35.061277 -33.664513 0.593903 13.996477 8.385804 -8.065815 -8.476348 -0.177771 3.365029 -55.700867 56.053137 53.858064 -0.933389 -22.383292 -31.039500 30.876600 30.355471 -0.218132 -12.456351 -11.524797 10.974934 11.758764 0.340097 -4.624151 
817.388373 -843.413868 -768.214239 32.488070 327.169383 68.615434 -69.353843 -65.971956 1.463975 27.504934 -1308.617459 1349.332654 1230.905565 -51.162354 -523.855461 -644.538154 661.850054 609.132560 -22.766357 -258.148414 -76.257602 76.219422 74.239870 -0.851815 -30.631889 33.903277 -34.175478 -32.741604 0.606640 13.639629 7.767073 -7.426726 -7.895958 -0.204171 3.116974 -54.226512 54.635486 52.392992 -0.948576 -21.813673 -29.809863 29.723303 29.101499 -0.257997 -11.979097 -10.439541 9.924129 10.674180 0.326824 -4.193234 -1263.060539 1304.330512 1185.974806 -51.143044 -505.510742 -108.109685 109.383419 103.843547 -2.398574 -43.346266 2022.733068 -2087.308701 -1900.904738 80.545564 809.660249 998.169685 -1025.633507 -942.665791 35.836355 399.766209 119.985032 -120.032818 -116.710951 1.430146 48.205741 -510.620261 529.419146 477.151929 -22.594625 -204.169906 -48.092557 49.038431 45.802690 -1.401421 -19.269640 818.590673 -848.063916 -765.659097 35.622477 327.371930 408.098564 -420.706306 -383.924085 15.894561 163.339515 53.086110 -53.487816 -51.249392 0.966115 21.320619 -35.376979 36.007498 33.794180 -0.946849 -14.209959 -7.989029 7.735021 8.031990 0.129570 -3.212982 56.524892 -57.511665 -54.016598 1.495135 22.704243 31.016628 -31.206689 -29.985457 0.519300 12.451350 10.881467 -10.443008 -11.035050 -0.258525 4.378991 
757.182140 -766.630957 -727.717983 16.914173 304.477406 66.697084 -66.239606 -65.354776 0.393291 26.788722 -1214.680126 1228.900660 1168.354799 -26.318707 -488.453261 -604.750434 609.132560 584.351841 -10.774111 -243.157393 -76.194942 74.761278 75.583995 0.352633 -30.615714 32.634788 -32.152387 -32.279581 -0.066431 13.144906 8.539352 -8.076586 -8.754420 -0.292624 3.412178 -52.297757 51.504841 51.744518 0.121256 -21.061043 -29.555200 28.817831 29.502041 0.303058 -11.872804 -11.580591 10.868474 11.956653 0.470892 -4.627253 -1167.965773 1183.552826 1121.509819 -26.973887 -469.668668 -104.847910 104.246735 102.632575 -0.714425 -42.125067 1874.336144 -1897.853945 -1801.290102 41.983940 753.732793 935.309090 -942.707704 -903.150579 17.201030 376.081054 119.647293 -117.511117 -118.585340 -0.460139 48.087955 -467.906343 476.061769 447.322978 -12.503356 -188.092768 -45.811810 45.895198 44.505006 -0.609490 -18.412885 751.885344 -764.332993 -719.482399 19.513506 302.267029 379.835802 -384.062201 -365.531575 8.062481 152.706014 52.151297 -51.566123 -51.354323 0.094296 20.972083 -33.363713 33.185571 32.683706 -0.209519 -13.438598 -8.547957 8.178559 8.679465 0.216647 -3.425914 53.407329 -53.105937 -52.333039 0.322593 21.509942 30.218697 -29.712254 -29.919216 -0.094275 12.143060 11.847250 -11.214730 -12.147420 -0.404371 4.745460 
-26.022156 33.176110 17.602084 -6.749294 -9.870044 -0.835391 1.349452 0.278860 -0.463485 -0.314283 40.600390 -52.033961 -27.190154 10.767151 15.398189 17.189813 -22.766357 -10.774111 5.197841 6.517801 0.025141 -0.625159 0.579221 0.522625 0.006570 -0.536012 0.861963 0.188769 -0.293076 -0.209551 0.333511 -0.281961 -0.370334 -0.037847 0.128141 0.814970 -1.333856 -0.263868 0.465665 0.318745 0.102186 -0.381709 0.179359 0.243405 0.042589 -0.494137 0.410904 0.554920 0.061966 -0.189010 41.110835 -52.195957 -28.026602 10.474292 15.593465 1.419377 -2.225880 -0.541848 0.729425 0.535315 -64.152214 81.872430 43.310546 -16.712659 -24.331220 -27.163226 35.818294 17.182947 -8.077448 -10.299845 -0.142566 1.082123 -0.808075 -0.820556 -0.050271 18.476526 -23.069551 -12.978226 4.370360 6.999773 0.990501 -1.362102 -0.570185 0.343094 0.374659 -28.853195 36.200380 20.091324 -6.977373 -10.929971 -12.218912 15.834416 8.002308 -3.393562 -4.627255 -0.402806 0.828088 -0.043714 -0.378625 -0.151271 0.861718 -1.211282 -0.473862 0.320764 0.331593 -0.241736 0.192775 0.279802 0.037524 -0.092599 -1.334515 1.891178 0.718516 -0.509993 -0.513455 -0.339117 0.638722 0.025127 -0.266180 -0.131444 0.419015 -0.336475 -0.482288 -0.063036 0.159936 
-320.036941 326.869455 304.824208 -9.589019 -128.789621 -27.503229 27.553064 26.727419 -0.361094 -11.063413 512.894244 -523.476255 -488.893045 15.042170 206.411690 253.969025 -258.148414 -243.157393 6.517801 102.222628 31.020046 -30.732549 -30.503223 0.099215 12.493521 -13.575926 13.535139 13.280976 -0.105333 -5.482429 -3.303751 3.147786 3.369083 0.096325 -1.325162 21.729457 -21.655185 -21.265087 0.161507 8.773720 12.085214 -11.926272 -11.935615 -0.007839 4.870325 4.465184 -4.227237 -4.581822 -0.154644 1.792345 494.097464 -505.051939 -470.199139 15.163430 198.830310 43.296689 -43.420392 -42.034382 0.605890 17.421041 -792.108022 809.082661 754.401425 -23.789254 -318.773864 -393.053987 399.772803 376.070599 -10.307196 -158.205002 -48.769109 48.361304 47.916431 -0.192519 -19.646371 198.763560 -203.955040 -188.323475 6.805670 79.941138 19.091308 -19.287547 -18.393030 0.390708 7.681659 -319.034591 327.110109 302.547402 -10.693703 -128.327287 -160.119417 163.363746 152.674162 -4.651682 -64.428500 -21.420757 21.383849 20.905866 -0.207680 -8.631163 14.011836 -14.097911 -13.574967 0.223676 5.654915 3.359962 -3.238991 -3.391986 -0.066761 1.351164 -22.405157 22.535751 21.713134 -0.351834 -9.041698 -12.459992 12.398573 12.201713 -0.082740 -5.020371 -4.619094 4.411721 4.704752 0.128083 -1.858129 
-129.297286 127.677104 127.374143 -0.128648 -51.884157 -125.208775 126.272059 120.688037 -2.414808 -50.213878 201.601318 -198.868464 -198.820598 0.016115 80.910840 77.281342 -76.257602 -76.194942 0.025141 31.020046 169.519563 -169.714701 -164.628723 2.197356 67.967985 -12.189081 11.552029 12.498442 0.410719 -4.897756 -5.348397 5.222242 5.322763 0.043404 -2.141122 19.168182 -18.151837 -19.669231 -0.658438 7.702375 6.424091 -6.090327 -6.585397 -0.214526 2.581958 9.496218 -9.114326 -9.597560 -0.208297 3.789917 202.986468 -200.667406 -199.764573 0.386239 81.476454 194.663772 -196.396046 -187.562306 3.819982 78.074500 -316.558137 312.611821 311.880624 -0.308089 -127.082300 -121.583508 120.100088 119.760566 -0.143090 -48.816144 -264.159163 264.518746 256.489103 -3.468723 -105.920051 89.354259 -89.021189 -87.250500 0.764419 35.868114 82.234802 -83.253378 -78.945669 1.863263 32.979668 -139.364217 138.682057 136.255548 -1.046336 -55.953602 -53.908394 53.643793 52.712005 -0.401004 -21.649269 -113.131024 113.518661 109.615329 -1.686381 -45.364972 12.994673 -12.460171 -13.191327 -0.317564 5.233433 6.252397 -6.168267 -6.164936 0.001089 2.508857 -20.471072 19.608438 20.801581 0.518247 -8.244783 -6.926969 6.652660 7.022628 0.160630 -2.791504 -10.777681 10.427127 10.817405 0.168634 -4.308924 
128.059395 -127.633952 -125.005689 1.127773 51.412233 126.345023 -128.539286 -120.635119 3.414225 50.637655 -199.463201 198.608193 194.915416 -1.582498 -80.096742 -76.525670 76.219422 74.761278 -0.625159 -30.732549 -169.714701 171.480020 163.242980 -3.551992 -68.033830 11.624807 -11.104850 -11.846362 -0.323122 4.684776 5.230226 -5.162631 -5.152163 0.004100 2.096354 -18.272672 17.443704 18.632990 0.518125 -7.364558 -6.159624 5.885491 6.275389 0.169460 -2.482500 -9.115090 8.841975 9.127606 0.124481 -3.645846 -201.245868 200.788578 196.253190 -1.947971 -80.812978 -196.507829 199.992492 187.559561 -5.370657 -78.762704 313.513749 -312.494253 -306.068294 2.756783 125.923436 120.511407 -120.148089 -117.624930 1.082516 48.408483 264.518692 -267.319790 -254.387557 5.576622 106.043635 -89.266782 89.754760 86.347815 -1.468968 -35.832726 -83.313584 85.067180 79.234488 -2.520631 -33.383789 139.053777 -139.662795 -134.671814 2.150742 55.832742 53.799849 -54.035273 -52.109823 0.829180 21.607079 113.517005 -114.946888 -108.938818 2.591769 45.505511 -12.529621 12.110783 12.635238 0.228721 -5.058378 -6.179531 6.156744 6.034394 -0.052268 -2.481091 19.724016 -19.047505 -19.908092 -0.375287 7.963735 6.721853 -6.506684 -6.769731 -0.114532 2.714800 10.429944 -10.195595 -10.371554 -0.077426 4.177344 
126.999145 -124.257792 -126.307229 -0.881113 51.003161 120.621003 -120.496863 -117.523056 1.298146 48.475630 -198.239195 193.753855 197.371141 1.557949 -79.620444 -75.935013 74.239870 75.583995 0.579221 -30.503223 -164.628723 163.242980 161.569079 -0.737145 -66.112592 12.430885 -11.707792 -12.811544 -0.479039 4.986204 5.316000 -5.137584 -5.344389 -0.088997 2.128690 -19.557562 18.403400 20.172764 0.767892 -7.844865 -6.521832 6.144195 6.720358 0.249818 -2.616964 -9.596646 9.125952 9.781561 0.281930 -3.827354 -199.195660 195.120045 197.911019 1.199852 -80.022811 -187.459953 187.348099 182.571905 -2.084029 -75.344872 310.996273 -304.304168 -309.328302 -2.164449 124.947079 119.360060 -116.823258 -118.695614 -0.807451 47.962296 256.489129 -254.387645 -251.672449 1.194236 103.010152 -87.004836 85.862594 85.826360 -0.020347 -34.972722 -78.889506 79.119582 76.560749 -1.115403 -31.712877 135.884285 -133.937953 -134.211448 -0.112585 54.626595 52.556628 -51.802248 -51.916592 -0.048258 21.133591 109.616550 -108.941660 -107.343628 0.699881 44.032460 -13.124630 12.500784 13.400554 0.391016 -5.278589 -6.155111 6.013561 6.129980 0.050369 -2.471688 20.690995 -19.684738 -21.148506 -0.636172 8.321640 6.956944 -6.636552 -7.094814 -0.199185 2.800214 10.814455 -10.365868 -10.950110 -0.251620 4.322098 
-0.458589 1.453667 -0.555307 -0.871074 -0.177670 -2.475242 3.473920 1.357817 -0.916983 -0.940725 0.528130 -2.088245 1.052354 1.362182 0.206202 0.254625 -0.851815 0.352633 0.522625 0.099215 2.197356 -3.551992 -0.737145 1.218931 0.835146 0.350243 -0.263401 -0.419329 -0.067753 0.131947 0.037178 0.010263 -0.082847 -0.040280 0.014100 -0.558360 0.419287 0.669081 0.108574 -0.210282 -0.157411 0.113052 0.193428 0.035001 -0.058913 -0.207560 0.123753 0.281204 0.067660 -0.078720 0.886514 -2.442109 0.705848 1.365531 0.343121 3.912402 -5.461940 -2.175279 1.424399 1.487056 -1.086357 3.525515 -1.395943 -2.135521 -0.422862 -0.496305 1.431364 -0.458700 -0.820470 -0.193054 -3.468718 5.576611 1.194229 -1.897913 -1.318461 0.979191 -1.681131 -0.232452 0.628577 0.374379 1.913670 -2.570409 -1.165170 0.608988 0.727260 -1.371000 2.471468 0.208046 -0.982438 -0.524599 -0.536998 0.963507 0.086033 -0.381073 -0.205618 -1.685206 2.590608 0.698721 -0.819459 -0.640356 -0.258524 0.170411 0.332714 0.070835 -0.096494 0.010081 -0.061156 0.041490 0.044545 0.003899 0.420272 -0.278518 -0.539423 -0.113891 0.156877 0.102265 -0.056897 -0.141560 -0.037049 0.037545 0.166090 -0.074919 -0.249112 -0.075045 0.062930 
-51.890770 51.264361 51.161150 -0.044409 -20.888171 -50.219934 50.614178 48.508676 -0.916324 -20.209209 80.923100 -79.868643 -79.867376 -0.000602 32.580173 31.027699 -30.631889 -30.615714 0.006570 12.493521 67.967985 -68.033830 -66.112592 0.835146 27.343214 -4.902839 4.660428 5.018484 0.156352 -1.975097 -2.142340 2.094320 2.132638 0.016627 -0.860669 7.711301 -7.324605 -7.898748 -0.250674 3.106744 2.587569 -2.460079 -2.648153 -0.081960 1.042595 3.789762 -3.645389 -3.827566 -0.079015 1.517628 81.485029 -80.587816 -80.261056 0.141065 32.809771 78.084164 -78.727126 -75.395732 1.449748 31.424570 -127.098334 125.575005 125.320086 -0.108530 -51.184001 -48.826259 48.252446 48.133949 -0.050476 -19.665472 -105.920044 106.043658 103.010125 -1.318471 -42.613739 35.867491 -35.732856 -35.071392 0.287578 14.444976 32.983820 -33.363596 -31.739638 0.706921 13.273711 -55.953195 55.682106 54.776244 -0.393381 -22.538527 -21.649570 21.544344 21.196647 -0.150687 -8.722920 -45.364540 45.505752 44.031541 -0.640830 -18.252640 5.236026 -5.032890 -5.308087 -0.120339 2.113929 2.510312 -2.477975 -2.477098 0.000263 1.010628 -8.249503 7.921719 8.370963 0.196447 -3.330850 -2.794884 2.690222 2.830053 0.061094 -1.129008 -4.308799 4.176093 4.323154 0.063948 -1.728363 
44.194680 -44.741842 -42.515451 0.947076 17.809618 10.589080 -10.129339 -10.765716 -0.275660 4.256285 -68.719998 69.637000 66.051045 -1.525089 -27.700818 -33.703277 33.903277 32.634788 -0.536012 -13.575926 -12.189081 11.624807 12.430885 0.350243 -4.902839 121.826968 -123.811912 -116.536501 3.139372 48.915287 12.285534 -11.975324 -12.263308 -0.126071 4.933189 -190.583210 193.699690 182.303651 -4.916258 -76.529524 -85.942576 87.165756 82.394457 -2.056632 -34.513224 -12.686006 12.297748 12.730965 0.189037 -5.094190 -62.230619 63.052876 59.814313 -1.379146 -25.078361 -14.394420 13.801886 14.605180 0.347686 -5.789370 96.661929 -98.041916 -92.818249 2.224100 38.965764 47.643157 -47.947246 -46.110571 0.777231 19.190847 16.732999 -15.993241 -17.034519 -0.452562 6.735361 -16.203352 16.422855 15.573486 -0.361826 -6.534773 -2.968735 2.872974 2.987783 0.049144 -1.196576 25.077372 -25.452332 -24.070922 0.588551 10.117311 12.838989 -12.890126 -12.457523 0.182942 5.172832 3.722073 -3.584689 -3.765740 -0.078687 1.502386 -91.703871 93.698268 87.185714 -2.814295 -36.784364 -10.034738 9.895353 9.901884 0.003574 -4.028922 143.054884 -146.214385 -135.967120 4.427385 57.391009 64.289593 -65.603963 -61.218177 1.893764 25.800015 10.382921 -10.178171 -10.308293 -0.057364 4.171211 
-44.375976 45.435766 42.176885 -1.393949 -17.879750 -10.095532 9.725895 10.206078 0.209035 -4.068233 69.043374 -70.751883 -65.568983 2.216521 27.825051 33.595250 -34.175478 -32.152387 0.861963 13.535139 11.552029 -11.104850 -11.707792 -0.263401 4.660428 -123.811912 126.950395 117.270053 -4.178286 -49.664001 -11.912227 11.711941 11.797710 0.039602 -4.790333 193.670991 -198.590841 -183.435476 6.540430 77.693921 87.096724 -89.135947 -82.675332 2.786093 34.947784 12.226956 -11.958678 -12.173950 -0.095866 4.918982 62.483051 -64.025460 -59.335622 2.007349 25.175064 13.770949 -13.299059 -13.891612 -0.257600 5.551989 -97.123444 99.613496 92.148236 -3.194824 -39.141448 -47.481972 48.321343 45.422039 -1.236300 -19.129206 -15.898486 15.318411 16.081113 0.333239 -6.417948 16.194141 -16.599617 -15.378416 0.522866 6.530842 2.886415 -2.814100 -2.886280 -0.030745 1.165381 -25.092907 25.752041 23.800625 -0.835587 -10.122212 -12.726475 12.918304 12.209266 -0.302375 -5.129442 -3.569573 3.468011 3.584987 0.051024 -1.444507 93.674866 -96.555248 -88.171396 3.622370 37.526092 9.854558 -9.805765 -9.639398 0.070589 3.959560 -146.149032 150.689362 137.524110 -5.687743 -58.555141 -65.518861 67.454676 61.763404 -2.457608 -26.261822 -10.122282 10.015723 9.961732 -0.021624 -4.071393 
-42.864886 42.883054 41.786374 -0.460434 -17.306761 -10.795273 10.268656 11.027030 0.328478 -4.332751 66.615148 -66.711945 -64.880016 0.769437 26.905063 32.923566 -32.741604 -32.279581 0.188769 13.280976 12.498442 -11.846362 -12.811544 -0.419329 5.018484 -116.536501 117.270053 112.770283 -1.950438 -46.912242 -12.320549 11.916548 12.390170 0.205861 -4.945756 182.329214 -183.489072 -176.432128 3.057452 73.404508 82.456273 -82.804566 -79.963025 1.229818 33.193063 12.796304 -12.308366 -12.935256 -0.272429 5.135214 60.359664 -60.436531 -58.790552 0.693120 24.371794 14.631741 -13.948396 -14.919109 -0.420286 5.876690 -93.693493 93.919013 91.165916 -1.159742 -37.845010 -46.548840 46.314046 45.615509 -0.287164 -18.777548 -17.122906 16.261955 17.524454 0.548770 -6.880681 15.794380 -15.822253 -15.379200 0.186579 6.380872 2.974925 -2.860306 -3.011708 -0.065107 1.198116 -24.417377 24.497434 23.742985 -0.318089 -9.868996 -12.614537 12.525801 12.385912 -0.056767 -5.088396 -3.780115 3.614110 3.848974 0.102224 -1.523680 87.206925 -88.215334 -83.911413 1.869842 35.087244 9.939175 -9.716499 -9.894560 -0.077201 3.992474 -136.027186 137.647776 130.848364 -2.952794 -54.738945 -61.297209 61.925400 59.069742 -1.239047 -24.670743 -10.360523 10.068484 10.374479 0.133051 -4.162401 
0.635982 -1.086757 -0.153379 0.406885 0.242183 -0.302280 0.235337 0.354759 0.051761 -0.114968 -1.022199 1.719927 0.273075 -0.630861 -0.388954 -0.277466 0.606640 -0.066431 -0.293076 -0.105333 0.410719 -0.323122 -0.479039 -0.067753 0.156352 3.139372 -4.178286 -1.950438 0.967311 1.194432 -0.177688 0.090595 0.256819 0.071947 -0.068033 -4.893097 6.517542 3.034586 -1.512414 -1.861506 -2.000627 2.730757 1.174524 -0.675678 -0.760963 0.247743 -0.153843 -0.330385 -0.076461 0.094655 -0.893949 1.528255 0.214231 -0.572847 -0.339676 0.371485 -0.281113 -0.443784 -0.070638 0.141006 1.444481 -2.425002 -0.390259 0.887270 0.548441 0.385343 -0.849330 0.099638 0.413239 0.145724 -0.531530 0.411221 0.626743 0.093816 -0.202145 -0.165926 0.329438 -0.006765 -0.146703 -0.062497 0.037479 -0.019220 -0.053591 -0.015039 0.013954 0.281111 -0.532032 -0.014662 0.225843 0.105821 0.043289 -0.164497 0.081063 0.106993 0.015856 -0.091418 0.063594 0.114798 0.022439 -0.034610 -2.794953 3.603325 1.850789 -0.760106 -1.060522 0.037090 0.037487 -0.110286 -0.064022 0.014487 4.373121 -5.634241 -2.899289 1.186413 1.659162 1.822797 -2.387558 -1.169012 0.528726 0.691310 -0.104118 0.024545 0.179209 0.067096 -0.039996 
17.792169 -18.009958 -17.148722 0.367548 7.200347 4.252448 -4.078090 -4.317030 -0.104221 1.713171 -27.669806 28.033660 26.647120 -0.591618 -11.200767 -13.556003 13.639629 13.144906 -0.209551 -5.482429 -4.897756 4.684776 4.986204 0.131947 -1.975097 48.915287 -49.664001 -46.912242 1.194432 19.712837 4.927409 -4.810089 -4.916947 -0.047199 1.984024 -76.526448 77.702474 73.391145 -1.870861 -30.843089 -34.506077 34.968602 33.161042 -0.783581 -13.907870 -5.088741 4.942157 5.103477 0.070973 -2.049208 -25.052271 25.378901 24.126307 -0.535175 -10.138723 -5.785645 5.560798 5.862289 0.131397 -2.332237 38.920132 -39.466471 -37.447309 0.862572 15.755601 19.162691 -19.288902 -18.573141 0.303649 7.749784 6.729209 -6.450116 -6.838934 -0.170273 2.715599 -6.526312 6.614618 6.283540 -0.141409 -2.643047 -1.197415 1.160783 1.204137 0.018664 -0.483718 10.103361 -10.253212 -9.715679 0.229655 4.093040 5.165672 -5.188284 -5.018091 0.072101 2.089271 1.501723 -1.449957 -1.517217 -0.029467 0.607779 -36.781959 37.533033 35.076437 -1.068215 -14.811376 -4.025493 3.972627 3.974048 0.000969 -1.621063 57.385426 -58.575801 -54.709394 1.680885 23.111466 25.793808 -26.289946 -24.632811 0.719871 10.391131 4.167541 -4.090312 -4.137711 -0.021137 1.679304 
